"Set1","Set2"
0.31,0.3
0.3,0.29
0.26,0.25
0.37,0.33
0.56,0.53
0.31,0.28
0.6,0.6
0.52,0.52
0.6,0.58
0.34,0.3
0.61,0.61
0.33,0.34
0.36,0.37
0.31,0.3
0.44,0.44
0.36,0.36
0.66,0.7
1.43,0.49
0.44,0.5
1.13,1.1
0.48,0.48
0.31,0.31
0.51,0.5
0.33,0.35
2.09,0.95
0.47,0.47
0.49,0.52
0.42,0.42
0.45,0.45
0.49,0.49
0.35,0.36
0.24,0.28
1.46,1.06
1.48,1.33
0.4,0.38
1.24,1.23
1.28,1.28
1.26,1.26
1.29,1.3
1.8,1.2
1.23,1.22
1.56,1.41
1.23,1.22
1.27,1.27
1.26,1.25
1.39,1.39
1.37,1.31
1.25,1.23
1.18,1.18
1.3,1.19
1.59,1.4
1.32,1.32
1.38,1.16
1.35,1.28
1.99,1.31
1.32,1.13
1.2,1.2
1.37,1.35
1.34,1.34
1.78,1.31
1.36,1.24
1.33,1.34
1.18,1.18
1.16,1.16
1.41,1.32
1.23,1.22
1.24,1.24
6.15,1.2
1.37,1.38
1.21,1.21
0.2,0.2
0.23,0.23
0.32,0.33
0.24,0.24
0.35,0.35
0.24,0.27
0.86,0.86
1.05,1.05
0.42,0.42
0.89,0.89
1.09,1.09
0.27,0.27
0.88,0.88
1.02,1.01
0.91,0.91
0.2,0.19
1.09,0.98
1.1,1.11
1.22,1.21
1.23,1.24
1.14,1.14
0.51,0.51
0.99,1
0.75,0.75
0.48,0.47
0.91,0.91
0.93,0.93
0.98,0.98
0.9,0.89
1.05,1.05
0.2,0.2
0.23,0.23
1.38,1.38
0.78,0.78
0.91,0.91
0.23,0.24
0.3,0.3
0.26,0.26
0.27,0.27
0.51,0.52
0.27,0.27
0.63,0.63
0.46,0.45
0.52,0.52
0.25,0.24
1.7,0.84
0.3,0.3
0.2,0.2
0.28,0.29
0.32,0.35
0.22,0.23
0.26,0.28
0.45,0.45
0.55,0.56
0.77,0.77
0.47,0.48
0.25,0.25
0.42,0.43
0.31,0.3
0.38,0.38
0.36,0.36
0.34,0.34
0.23,0.24
0.35,0.35
0.46,0.46
0.31,0.31
0.27,0.27
0.51,0.5
0.64,0.65
0.19,0.19
4.57,1.36
4.2,1.23
4.77,4.55
1.37,1.32
1.4,1.26
4.82,1.53
4.73,2.7
6.36,1.14
4.7,4.5
4.22,1.4
3.89,3.1
4.92,2.43
4.15,1.26
4.83,1.38
4.11,4.12
4.65,1.35
6.3,2.33
4.52,1.55
2.4,1.81
1.85,1.72
4.2,1.74
1.46,1.48
6.33,4.39
4.84,4.16
5.94,2.66
6.23,1.33
4.14,4.15
4.87,1.06
6.22,1.16
6.27,1.26
5.02,1.41
4.83,4.53
4.14,2.56
4.08,2.28
4.32,3.7
8.76,1.4
1.73,1.42
8.71,4.92
8.73,1.46
8.45,3.45
1.85,1.3
8.8,5.23
8.83,1.47
8.69,1.78
1.71,1.49
2.29,1.52
1.7,1.5
8.78,1.14
8.27,1.38
8.76,1.78
8.87,3.27
9.38,1.89
1.5,1.34
1.6,1.33
1.49,1.37
1.48,1.45
1.37,1.42
8.35,1.28
8.75,1.42
8.65,3.82
8.65,1.28
8.77,1.4
8.6,1.46
8.63,1.52
8.83,1.48
8.83,1.42
1.7,1.23
8.55,1.53
2.57,1.41
2.03,1.57
6.35,1.2
6.35,1.27
6.3,1.21
6.35,1.29
6.41,1.23
6.35,0.94
5.45,0.67
6.3,1.39
6.2,1.49
6.34,1.22
5.36,1.35
6.32,1.28
6.35,1.22
6.33,1.25
6.32,1.22
6.33,1.52
6.56,1.06
6.37,1.21
6.37,1.02
6.34,1.24
6.42,1.17
6.37,1.27
6.31,1.26
6.28,1.49
6.37,1.47
6.32,1.39
6.34,1.1
6.35,1.25
6.33,1.17
6.33,1.34
6.4,1.25
6.36,1.3
6.21,1.38
3.44,0.77
6.43,0.9
4.76,1.5
3.34,1.32
4.76,0.88
1.99,0.92
2.6,1.46
1.52,1.53
8.4,1.48
1.43,1.36
1.48,1.46
4.64,1.28
3.29,0.99
4.69,1.27
1.56,1.51
3.05,2.16
1.36,1.36
3.38,0.81
4.59,1.62
2.05,1.33
1.54,1.35
1.5,1.49
1.52,1.37
3.28,1.41
2.01,1.76
1.3,1.2
1.57,1.53
1.3,1.21
1.48,1.04
1.09,1.08
1.3,1.43
3.62,0.83
1.14,1.1
1.52,1.36
3.18,1.6
3.23,3.22
3.08,2.18
5.96,1.46
5.9,1.58
5.88,1.72
5.9,1.55
5.84,1.27
5.9,0.78
5.99,1.07
5.86,0.74
5.81,0.7
5.92,1.65
5.29,1.34
5.92,0.81
5.87,1.46
5.22,1.53
5.82,1.39
5.83,4.33
5.83,1.3
5.91,1.33
5.9,1.35
6.01,1.17
5.92,1.29
5.85,1.6
5.84,0.73
5.78,0.6
5.85,4.41
5.82,1.4
5.83,0.62
5.68,1.34
5.84,1.68
5.88,0.78
5.88,1.68
5.94,0.79
5.93,1.42
5.8,1.82
5.27,1.51
0.46,0.45
0.38,0.37
0.28,0.28
0.4,0.41
1.49,1.5
0.45,0.46
5.21,1.08
0.62,0.6
0.82,0.82
0.41,0.42
0.81,0.81
0.38,0.37
0.58,0.57
0.42,0.41
0.39,0.39
0.46,0.5
5.22,0.49
0.38,0.38
0.66,0.65
0.32,0.32
1.34,1.32
0.34,0.35
0.75,0.75
0.55,0.53
0.54,0.55
0.76,0.77
0.76,0.74
0.56,0.56
0.72,0.72
0.73,0.66
0.45,0.46
0.44,0.44
1.34,1.32
0.89,0.96
0.47,0.47
3.11,0.81
6.47,1.09
6.5,0.86
6.5,0.81
6.47,0.89
6.42,1
6.72,1
3.28,0.72
0.86,0.87
6.5,1
0.72,0.73
6.52,0.9
6.56,0.81
3.2,0.94
3.1,0.84
1.1,1.02
3.21,0.91
3,0.95
2.99,0.81
0.85,0.86
3.1,0.89
6.6,0.77
3.35,0.9
3.24,0.81
3.22,0.9
3.3,0.9
3.3,0.81
3.36,0.96
3.29,0.85
0.99,0.99
6.53,0.78
3.28,0.96
6.61,0.81
6.42,4.15
6.46,0.83
8.86,0.89
0.91,0.53
8.97,3.47
8.87,0.95
8.89,8.2
0.61,0.56
9.01,5.27
0.97,0.61
9.38,1.24
8.87,0.7
8.93,1.02
9.54,0.53
8.97,0.93
8.52,0.67
8.88,0.97
9,3.19
8.9,5.08
8.47,0.79
0.94,0.92
0.76,0.77
0.8,0.79
8.5,0.71
8.56,0.73
1.1,0.74
3.26,3.46
8.55,0.62
8.88,0.7
8.5,0.8
8.99,0.61
8.98,0.97
8.84,0.65
8.48,0.44
8.99,0.58
8.5,2.15
9.38,0.76
5.7,1
2.42,0.58
3.61,0.79
2.48,0.69
3.61,0.97
1.79,0.97
5.3,1.4
3.62,0.63
3.73,1.09
1.03,0.95
2.65,2.71
3.61,1.04
0.82,0.71
5.95,1.48
0.98,0.8
0.98,1.03
3.72,1.34
3.64,1.16
3.61,1.27
0.87,1.45
3.73,1.3
0.67,0.67
3.61,1.02
3.56,1.01
3.6,1.2
0.41,0.86
0.94,1.01
0.44,0.81
3.62,0.43
7.03,0.47
0.76,0.75
3.67,0.9
3.62,1.04
2.8,1.15
0.76,0.76
0.7,0.7
0.74,0.74
0.87,0.88
0.79,0.79
6.93,4.24
0.7,0.69
6.81,1.46
0.7,0.7
0.82,0.81
0.77,0.89
6.07,2.38
0.72,0.72
3.22,0.88
0.19,0.19
0.71,0.71
6.55,0.97
0.86,0.85
3.28,1.42
1.42,1.43
1.74,1.69
1.45,1.45
1.21,1.25
0.72,0.72
0.7,0.7
0.77,0.75
0.72,0.72
0.7,0.7
0.71,0.72
0.73,0.73
0.8,0.8
0.73,0.73
0.7,1.12
3.17,0.79
4.95,4.57
0.74,0.74
3.69,0.56
3.64,0.42
3.63,0.53
3.63,0.51
3.66,0.74
3.61,0.59
3.76,0.78
2.64,0.68
3.72,0.71
3.67,0.4
3.6,2.64
3.68,0.61
0.59,0.59
2.63,0.72
2.67,0.46
2.59,1.19
2.65,0.6
3.71,0.81
2.87,0.59
3.62,1.25
2.83,0.67
3.68,0.28
3.71,0.59
3.7,0.78
2.83,0.53
2.63,0.65
3.69,0.54
2.63,0.47
2.62,0.65
3.68,0.87
2.64,0.44
3.61,0.55
3.76,0.79
4.68,2.66
2.6,0.57
0.53,0.53
2.57,0.69
2.59,0.71
2.6,0.72
3.86,0.78
2.54,0.69
2.93,1
0.76,0.75
2.57,0.82
0.61,0.62
2.97,2.12
2.56,0.73
0.73,0.73
2.74,0.68
0.56,0.56
2.56,1.09
2.71,0.64
3.14,0.78
3.1,0.9
3.4,1.46
3.08,0.86
2.55,0.47
3.77,0.79
3.76,0.74
2.72,0.62
0.9,0.9
0.84,0.85
2.76,0.7
2.8,0.84
1.05,1.05
2.63,0.76
2.54,0.62
2.57,0.8
5.01,2.6
0.68,0.68
8.58,6.64
10.4,6.06
9.68,6.8
8.65,2.48
6.91,2.62
8.91,4.09
8.74,6.69
4.25,2.48
8.61,2.7
9.78,3.5
9.23,6.46
9.82,4.47
3.92,2.65
6.5,2.86
10.19,4.11
10.1,3.65
3.45,2.72
10.35,2.53
10.27,2.74
3.26,2.63
7.14,2.36
9.32,3.09
4.2,3.33
9.25,2.63
3.87,3.67
9.24,2.39
3.56,3.28
10.03,2.46
10.27,2.61
9.76,4.93
9.77,2.36
8.94,6.31
3.28,2.61
7.42,5.62
9.78,2.45
4.59,1.48
4.53,0.89
4.43,0.9
4.51,0.72
1.06,0.58
6.09,3.46
4.34,1.97
4.75,0.7
4.64,0.75
4.43,1.77
4.1,1.02
4.49,1.06
1.39,1.39
4.93,4.18
4.35,1.45
5,0.7
5.15,1.98
0.35,0.35
0.64,0.65
1.33,0.91
1.25,1.25
5.14,1.1
5.15,0.67
6.04,0.61
5.2,0.77
4.61,4.28
4.77,1.25
4.79,1.3
4.92,4.04
4.6,0.64
4.51,1.47
6.08,1.72
0.43,0.43
6.3,1.5
4.47,0.9
4.48,0.82
0.7,0.74
6.32,0.67
0.81,0.8
0.9,0.9
4.81,0.55
6.66,1.77
4.61,1.19
6.26,1.18
6.29,3.34
3.43,1.13
4.45,0.73
3.82,0.86
4.72,4.01
6.27,0.83
4.54,1
6.1,1.81
1.14,1.15
0.76,0.75
1.08,1.06
0.91,0.89
3.99,0.99
4.4,1.24
1.11,1.11
6.25,1.46
6.21,1.12
4.32,1.31
4.38,1.27
4.37,1.39
6.25,1.16
4.63,4.47
4.79,2.51
1.3,1.31
6.44,0.92
4.74,1.48
4.65,0.84
4.64,1.08
4.62,0.81
0.75,0.75
5.22,1.47
4.73,1.48
4.65,1.16
4.64,1.03
4.69,1.01
5.02,1.05
4.41,0.89
4.43,0.94
4.63,0.78
0.77,0.66
4.49,1.14
4.4,0.94
5.04,1.6
0.85,0.84
0.79,0.81
0.43,0.44
0.69,0.7
4.6,3.78
4.84,1.07
4.94,1.09
4.05,1.29
4.84,1.05
5.92,0.91
6.91,3.93
5.37,4.37
4.69,0.85
4.7,0.89
4.93,1.03
0.78,0.77
3.97,1.74
6.94,0.9
7.39,5.48
7.31,0.7
7.43,5.75
5.78,0.97
2.43,0.82
7.18,5.53
7.38,5.52
7.36,4.02
5.29,4.15
7.44,3.82
7.38,4.97
5.78,0.79
8.4,3.4
6.33,5.53
7.38,5.64
7.49,4.7
8.88,5.77
2.48,1.29
3.12,0.24
5.65,0.7
8.03,0.92
7.36,5.56
6.08,1.18
7.51,4.32
5.81,5.61
7.05,5.95
7.36,3.87
7.43,5.09
7.53,4.64
5.8,5.75
7.38,4.45
6.01,5.55
7.53,1
7.06,1.59
7.58,5.79
0.7,1.01
3.44,0.65
0.77,0.76
0.78,0.76
1.03,1.23
0.71,1.58
1.05,1.04
3.22,0.88
1.05,1.06
1.15,1.16
8.59,1.06
0.81,0.8
0.96,1.02
0.53,0.56
3.45,1.7
0.65,0.69
5.02,1.72
3.11,0.89
1.14,1.34
0.89,2.53
3.12,1.21
0.49,0.47
0.86,0.97
3.12,1.7
0.88,0.88
0.85,0.87
0.84,0.85
3.17,1.18
0.93,1.53
4.48,1.14
0.87,0.85
0.72,0.72
3.25,1.31
3.12,1.92
9.28,0.8
5.06,0.72
5.17,1.72
5.09,4.71
8.66,0.77
2.95,2.24
4.97,1.22
8.49,2.7
5.05,1.27
2.35,1.11
4.96,2.13
5.4,2.16
5.02,1.5
4.97,3.36
3.38,2.34
5.11,1.26
5.01,2.03
4.95,4.37
2.39,1.26
7.99,1.78
2.39,0.61
7.9,1.75
3.36,0.68
1.55,1.54
2.17,0.51
1.97,0.61
8.17,1.39
5.13,1.33
5.08,0.53
2.18,0.54
3.38,1.6
5.09,1.33
4.98,2.22
8.02,2.99
8.12,2.83
3.15,1.62
8.29,2.15
2.73,0.51
8.17,2.08
2.8,0.65
1.78,1.79
2.22,0.68
7.96,1.86
2.16,1.06
2.14,0.79
2.22,2.27
8.25,2.3
2.98,0.72
3.07,1.4
3.33,2.71
2.03,0.95
2.95,1.04
4.43,2.32
2.92,0.84
1.66,1.7
2.36,0.59
2.03,1.57
3.31,0.68
1.52,1.53
2.12,0.57
2.1,1.02
2.15,0.66
2.18,0.77
2.17,0.59
2.16,0.58
3.23,1.19
2.21,0.7
2.22,2.19
3,1.3
2.75,2.74
3.13,0.97
7.8,0.97
7.85,2.1
8.34,1.56
2.13,1.11
3.38,1.9
2.29,1.13
8.27,2.09
4.95,1.55
2.31,1.86
4.86,1.45
8.54,2.82
5.01,1.35
4.92,1.55
3.41,2.85
4.96,2.04
3.03,1.32
5.03,4.33
1.72,1.23
7.87,1.74
8.48,1.57
7.93,1.84
3.36,1.15
1.54,0.98
2.29,1.71
1.93,1.05
8.55,1.03
7.99,1.14
2.25,1.04
8.5,1.02
3.31,1.61
4.99,1.39
4.96,2.25
7.93,3.04
8.18,3.03
7.76,1.57
6.31,2.15
2.08,1.81
5.13,2.14
2.1,1.7
3.05,1.9
6.21,1.42
3.22,2.66
2.09,0.77
2.04,0.81
4.4,2.31
6.28,2.08
6.23,2.2
3.73,1.8
2.08,2.2
2.09,1.6
8.29,1.98
4.79,3.03
2.94,1.06
4.64,1.71
8.29,0.68
2.27,1.48
0.72,0.72
1.62,1.41
2.09,0.39
1.7,1.69
2.15,0.97
2.19,0.92
2.06,0.34
2.07,0.51
4.81,2.16
2.18,1.46
6.25,2.2
8.07,1.53
8.05,3.04
6.33,2.54
4.85,0.96
3.72,1.4
4.95,1.66
3.75,1.59
3.21,1.82
4.82,1.59
8.53,1.75
4.89,1.09
1.6,1.6
4.83,1.08
3.54,0.9
4.88,0.76
3.42,1.76
3.17,2.23
1.51,1.42
3.42,1.68
5.27,1.71
3.68,1.7
1.71,1.05
1.74,0.69
1.67,1.25
3.2,1.37
1.73,1.72
1.52,0.84
1.64,1.67
1.38,1.35
4.94,1.63
1.44,1.49
1.4,1.49
3.6,1.76
4.98,1.09
4.83,1.57
8.05,1.78
3.82,3.34
3.28,2.11
4.92,1.24
7.28,1.84
7.61,2.26
7.35,1.57
7.84,2.04
7.88,1.41
7.63,2.47
7.37,1.13
7.45,1.21
4.89,1.19
5.72,3.65
7.35,4.93
7.28,4.76
4.56,2.66
5.04,1.11
4.87,2.52
7.42,4.14
2.6,1.45
5.01,1.5
7.81,1.41
7.49,1.42
2.84,0.67
0.64,1.12
7.89,4.8
1.19,1.15
7.23,1.27
7.29,3.34
1.17,1.14
1.17,1.18
7.4,3.36
4.97,1.21
7.88,1.27
2.65,1.59
7.73,3.79
4.8,2.58
1.45,1.25
4.55,0.87
4.59,1.18
7.93,1.16
2.81,2.09
1.35,1.35
2.97,2.42
1.2,1.28
1.41,1.4
4.54,1.12
5.74,1.27
8.06,1.24
7.95,1.12
4.49,2.51
1.11,0.48
4.61,1.54
4.42,4.28
2.59,1.6
1.42,1.41
7.67,1.23
7.98,1.25
0.57,1.07
0.53,0.53
1.5,2.5
0.97,0.98
1.13,1.14
4.86,1.16
1.2,1.22
1.15,1.11
7.81,3.13
1.07,1.1
6.35,1.37
2.77,2.65
7.59,3.68
7.78,1.25
4.69,1.76
4.72,1.53
4.72,3.65
4.66,1.91
3.81,2.09
4.63,2.48
4.59,2.72
4.51,1.87
1.42,1.42
4.67,2.32
8.37,4.85
8.29,1.43
8.21,1.9
2.44,2.44
4.73,1.95
4.77,1.95
5.16,4.39
1.86,1.91
4.4,1.93
2.89,1.89
4.45,1.57
8.72,2.7
1.84,1.46
4.47,1.47
2.04,1.9
4.45,1.82
4.72,1.93
4.68,2.06
4.64,1.84
4.63,2.2
4.71,1.84
4.63,2.2
8.31,1.21
8.68,3.33
8.33,1.86
7.79,1.42
1.98,1.52
7.78,1.89
2.01,1.59
1.74,1.75
1.93,1.35
3.15,2.19
1.95,1.58
7.71,3.92
1.52,0.82
3.3,1.61
3.14,1.11
2.11,2.2
4.62,4.34
1.76,1.65
3.47,1.71
7.75,1.6
7.84,1.85
1.43,1.44
2.13,1.31
1.45,1.45
8.11,2.34
4.47,4.24
7.84,1.93
2.63,2.19
7.77,1.53
4.68,3.15
2.09,1.37
7.94,2.61
4.42,2.16
2.2,1.38
4.52,1.56
7.8,3.4
8.6,2.53
4.62,4.46
10.27,2.38
10.5,1.74
10.49,4.5
10.39,3.86
2.25,2.25
9.97,1.9
10.55,3.01
5.33,2.06
9.98,2.62
10.31,3.86
10.03,1.86
10.38,2.11
10.42,1.56
10.06,4
10.04,3.35
4.77,3.59
5.42,4.38
5.06,2.29
2.06,1.99
10.42,2.25
5.32,2.18
10.06,3.81
10.05,2.23
9.98,2.85
10,2.06
10.13,2.08
5.27,3.49
5.14,3.97
10.28,3.89
10.37,2.17
10.32,4.36
9.99,2.19
9.99,3.41
3.34,2.68
10.08,4.25
4.92,3.88
4.79,3.66
4.91,3.86
4.82,1.29
4.08,3.42
4.95,1.96
5.11,2.54
4.16,3.98
4.73,4
4.92,3.93
5.02,4.1
5.05,3.89
4.76,3.9
5.43,4.15
4.8,4.02
4.82,4.07
5.43,2.09
4.91,2.13
4.93,1.8
3.82,2.86
1.76,1.72
4.65,3.88
4.49,4.23
4.49,4.4
4.4,4.42
4.9,4.23
4.47,4.18
4.32,3.89
4.26,3.94
4.83,3.7
4.85,3.6
4.95,4.2
5.33,3.84
4.25,3.65
4.13,4.04
2.36,1.84
2.55,1.67
2.66,2.6
2.77,1.45
4.22,2.35
1.4,1.72
2.3,1.99
2.66,1.63
2.49,1.81
10.74,2.41
10.24,2.7
2.64,1.99
2.54,1.49
2.81,2.25
2.91,2.31
4.1,1.91
5.55,1.42
2.76,1.52
2.81,1.77
6.46,1.69
2.54,1.4
2.76,2.55
2.34,1.31
2.51,1.49
7.26,2.54
2.51,1.62
2.46,2.05
10.8,1.74
10.75,1.94
2.5,1.81
2.95,1.47
2.53,1.52
4.5,1.89
1.51,1.52
2.6,1.58
0.79,0.81
0.84,0.84
0.7,0.7
0.82,0.82
1.73,1.03
0.97,0.97
4.84,1.03
0.86,0.88
1.79,1.11
0.76,0.76
5.96,0.65
0.85,0.86
0.41,0.39
0.46,0.46
1.75,0.67
0.29,0.29
4.47,0.52
0.76,0.75
4.56,0.72
0.82,0.83
0.66,0.66
0.79,0.8
0.67,0.67
0.74,0.73
0.52,0.51
1.76,1.03
0.49,1.02
1.78,1.15
0.47,0.47
0.87,0.88
1.04,1.03
0.95,0.96
0.67,0.68
3.44,2.8
0.46,0.46
